110
419
565
77
181
284
10
469
78
349
55
118
109
588
369
234
30
212
184
86
2
587
535
596
368
539
72
135
556
437
595
163
82
257
192
453
132
515
441
275
364
29
506
570
24
182
473
104
63
490
245
248
101
555
591
356
209
165
137
195
76
176
329
536
548
70
561
589
81
316
304
6
423
374
429
537
312
238
559
432
286
426
598
361
73
39
155
218
370
210
235
546
60
300
259
280
228
11
412
83
90
208
538
335
79
434
140
281
268
414
199
464
575
584
371
399
340
148
494
439
145
9
375
523
188
131
572
298
586
446
84
592
177
153
452
196
75
92
296
68
15
204
158
88
497
117
382
405
33
0
593
531
353
332
534
244
22
440
116
89
365
211
18
407
320
144
289
274
541
360
250
287
528
400
167
54
493
46
93
264
108
272
599
479
436
383
380
462
394
265
480
517
69
231
403
278
472
350
509
149
124
428
465
185
227
291
247
290
249
443
551
552
550
114
203
141
338
7
521
19
172
451
56
301
336
450
322
310
49
344
25
442
220
483
540
42
416
261
408
277
569
381
411
154
126
309
519
445
174
31
113
23
173
557
66
57
321
222
17
299
255
305
573
190
318
527
271
94
180
331
328
311
5
45
398
576
468
16
48
579
487
3
486
438
362
433
302
225
26
424
263
50
229
37
157
237
574
175
514
357
194
503
578
511
67
319
168
367
162
193
152
501
346
485
333
103
390
74
422
577
119
396
409
481
207
334
352
341
404
8
377
36
139
253
303
542
59
111
363
354
262
525
297
150
266
518
530
38
431
307
198
355
146
470
532
147
420
348
325
513
123
502
96
143
239
425
97
324
279
293
477
122
183
202
323
246
512
457
478
499
529
388
125
581
223
342
53
219
129
543
393
447
545
395
566
402
386
580
294
500
482
415
112
179
421
467
449
373
314
151
582
233
306
549
164
317
136
410
197
568
258
232
115
120
488
376
384
224
567
456
347
127
590
285
553
43
107
564
444
133
495
44
169
65
283
85
242
186
326
159
12
35
28
170
142
236
463
496
221
544
95
51
240
507
351
516
178
460
526
41
554
522
206
392
282
358
397
254
217
4
256
563
533
430
100
226
448
547
571
213
359
171
98
292
215
61
406
47
32
417
267
327
200
134
27
524
505
230
489
260
378
288
418
391
498
138
62
471
128
583
520
64
14
156
40
492
379
187
216
52
337
295
251
461
455
597
269
201
161
401
